Bank Account,Date,Narrative,Debit Amount,Credit Amount,Balance,Categories,Serial
33090567190,31/12/2020,LOAN SERVICE FEE,45,,-45,FEE,
33090567190,1/10/2020,DEPOSIT ONLINE 2533246 TFR Westpac Bus,,45,0,CREDIT,
7.33121E+11,31/12/2020,DEPOSIT ONLINE 2779608 TFR Westpac Bus,,7000,443000,CREDIT,
7.33121E+11,31/12/2020,DEPOSIT ONLINE 2750649 TFR Westpac Bus,,2000,436000,CREDIT,
7.33121E+11,31/12/2020,DEPOSIT ONLINE 2264429 TFR Westpac Bus,,7000,434000,CREDIT,
7.33121E+11,30/12/2020,DEPOSIT ONLINE 2101506 TFR Westpac Bus,,9000,427000,CREDIT,
7.33121E+11,30/12/2020,DEPOSIT ONLINE 2075285 TFR Westpac Bus,,6000,418000,CREDIT,
7.33121E+11,29/12/2020,WITHDRAWAL ONLINE 1066281 TFR Westpac Bus,20000,,412000,PAYMENT,
7.33121E+11,29/12/2020,DEPOSIT ONLINE 2839344 TFR Westpac Bus,,15000,432000,CREDIT,
7.33121E+11,29/12/2020,DEPOSIT ONLINE 2682700 TFR Westpac Bus,,15000,417000,CREDIT,
7.33121E+11,29/12/2020,DEPOSIT ONLINE 2669571 TFR Westpac Bus,,4000,402000,CREDIT,
7.33121E+11,29/12/2020,DEPOSIT ONLINE 2665924 TFR Westpac Bus,,10000,398000,CREDIT,
7.33121E+11,29/12/2020,DEPOSIT ONLINE 2585338 TFR Westpac Bus,,10000,388000,CREDIT,
7.33121E+11,29/12/2020,DEPOSIT ONLINE 2309594 TFR Westpac Bus,,20000,378000,CREDIT,
7.33121E+11,29/12/2020,DEPOSIT ONLINE 2284201 TFR Westpac Bus,,2000,358000,CREDIT,
7.33121E+11,29/12/2020,DEPOSIT ONLINE 2234021 TFR Westpac Bus,,10000,356000,CREDIT,
7.33121E+11,29/12/2020,DEPOSIT ONLINE 2114162 TFR Westpac Bus,,10000,346000,CREDIT,
33048271230,1/10/2020,MERCHANT SETTLEMENT 0970001 SMART ELECTRICAL CLE0001  STRATHPINE,,1499,5353.47,DEP,
33048271230,1/10/2020,MERCHANT SETTLEMENT 0970001 ATOZ 2020 PTY. LTD. 0001  BROWNS PLAINS,,850,3854.47,DEP,
33048271230,1/10/2020,MERCHANT SETTLEMENT 0970001 ATOZ 2020 PTY. LTD. 0001  CRESTMEAD,,650,3004.47,DEP,
33048271230,1/10/2020,DEPOSIT ONLINE 2553075 TFR Westpac Cho,,1500,2354.47,CREDIT,
